1 -16 10 52
2 -13 13 31
3 13 21 50
4 18 39 30
5 4 48 27
6 10 50 61
7 17 64 25
8 -8 83 64
9 -1 100 32
10 16 104 80
11 -5 107 63
12 -8 124 21
13 -9 136 53
14 -17 154 56
15 -13 155 62
16 -16 159 19
17 -9 170 56
18 -2 183 41
19 -6 191 88
20 13 192 46
21 14 193 96
22 -5 201 100
23 -19 209 31
24 20 210 87
25 -3 230 8
26 15 232 29
27 -14 239 20
28 10 241 2
29 -16 265 46
30 -8 267 97
31 17 274 61
32 12 283 89
33 -4 296 30
34 15 298 89
35 18 302 65
36 -7 304 12
37 -16 321 60
38 -14 326 49
39 13 337 50
40 -11 343 68
41 19 346 93
42 9 347 19
43 1 382 30
44 -1 395 36
45 12 399 5
46 -6 422 12
47 1 428 33
48 -3 439 5
49 2 451 25
50 -8 455 5
51 15 478 83
52 14 480 98
53 -13 497 12
54 -3 506 69
55 -16 525 68
56 -14 539 26
57 16 540 77
58 3 545 80
59 -17 549 64
60 5 561 46
61 -2 565 51
62 14 575 54
63 19 587 39
64 17 613 60
65 9 616 97
66 10 642 9
67 20 648 71
68 11 683 14
69 -7 692 30
70 19 700 18
71 1 742 29
72 -7 756 14
73 18 761 64
74 -1 772 84
75 18 778 78
76 6 790 10
77 -6 801 39
78 18 822 68
79 9 824 93
80 14 830 68
81 10 837 17
82 -1 839 24
83 20 841 56
84 -18 850 71
85 -4 858 77
86 -17 863 93
87 5 884 25
88 -2 890 43
89 14 898 58
90 -10 915 40
91 -14 920 17
92 -19 923 35
93 -8 925 60
94 5 957 36
95 -16 967 37
96 12 981 100
97 3 991 43